 iteration, total, mesh processing, checkpoint/restart, post-processing, linear solvers, gradients reconstruction
       0,  1.4034539e+01,  6.9140030e+00,  0.0000000e+00,  2.4475670e+00,  0.0000000e+00,  4.2625000e-02
       1,  1.4355174e+01,  0.0000000e+00,  0.0000000e+00,  1.9852000e-02,  7.0143600e+00,  2.0651340e+00
       2,  5.0950130e+00,  0.0000000e+00,  0.0000000e+00,  1.8312000e-02,  2.6986840e+00,  2.0202740e+00
       3,  5.0068300e+00,  0.0000000e+00,  0.0000000e+00,  1.8309000e-02,  2.5572450e+00,  2.0729100e+00
       4,  4.4812630e+00,  0.0000000e+00,  0.0000000e+00,  1.8238000e-02,  1.9611160e+00,  2.1443150e+00
       5,  4.2557950e+00,  0.0000000e+00,  0.0000000e+00,  1.8286000e-02,  1.8157100e+00,  2.0641750e+00
       6,  4.0818610e+00,  0.0000000e+00,  0.0000000e+00,  1.8447000e-02,  1.6406410e+00,  2.0647270e+00
       7,  3.6176700e+00,  0.0000000e+00,  0.0000000e+00,  1.8330000e-02,  1.1756720e+00,  2.0661060e+00
       8,  3.5858180e+00,  0.0000000e+00,  0.0000000e+00,  1.8409000e-02,  1.1441580e+00,  2.0672130e+00
       9,  3.5329660e+00,  0.0000000e+00,  0.0000000e+00,  1.8438000e-02,  1.0211360e+00,  2.1359950e+00
      10,  3.3192950e+00,  0.0000000e+00,  0.0000000e+00,  1.8436000e-02,  8.0821200e-01,  2.1353730e+00
      11,  3.2768900e+00,  0.0000000e+00,  0.0000000e+00,  1.8448000e-02,  7.6731100e-01,  2.1351280e+00
      12,  3.2442120e+00,  0.0000000e+00,  0.0000000e+00,  1.8380000e-02,  7.3526100e-01,  2.1335950e+00
      13,  3.2178320e+00,  0.0000000e+00,  0.0000000e+00,  1.8436000e-02,  7.0854700e-01,  2.1339690e+00
      14,  3.2278210e+00,  0.0000000e+00,  0.0000000e+00,  1.8452000e-02,  7.1595100e-01,  2.1361510e+00
      15,  3.2194820e+00,  0.0000000e+00,  0.0000000e+00,  1.8502000e-02,  7.0511300e-01,  2.1375040e+00
      16,  3.2121350e+00,  0.0000000e+00,  0.0000000e+00,  1.8411000e-02,  7.0175500e-01,  2.1351470e+00
      17,  3.2091200e+00,  0.0000000e+00,  0.0000000e+00,  1.8477000e-02,  6.9820700e-01,  2.1334260e+00
      18,  3.1860310e+00,  0.0000000e+00,  0.0000000e+00,  1.8429000e-02,  6.7239900e-01,  2.1372520e+00
      19,  3.1882450e+00,  0.0000000e+00,  0.0000000e+00,  1.8424000e-02,  6.8154500e-01,  2.1298910e+00
      20,  3.1803780e+00,  0.0000000e+00,  0.0000000e+00,  1.8410000e-02,  6.7300800e-01,  2.1314810e+00
      21,  3.1694090e+00,  0.0000000e+00,  0.0000000e+00,  1.8528000e-02,  6.5998500e-01,  2.1333640e+00
      22,  3.1625510e+00,  0.0000000e+00,  0.0000000e+00,  1.8431000e-02,  6.6214100e-01,  2.1230510e+00
      23,  3.1613220e+00,  0.0000000e+00,  0.0000000e+00,  1.8430000e-02,  6.6057300e-01,  2.1245590e+00
      24,  3.1697190e+00,  0.0000000e+00,  0.0000000e+00,  1.8373000e-02,  6.6435100e-01,  2.1290400e+00
      25,  3.1636930e+00,  0.0000000e+00,  0.0000000e+00,  1.8435000e-02,  6.6047800e-01,  2.1279240e+00
      26,  3.1649450e+00,  0.0000000e+00,  0.0000000e+00,  1.8528000e-02,  6.6205100e-01,  2.1261030e+00
      27,  3.3679490e+00,  0.0000000e+00,  0.0000000e+00,  1.8408000e-02,  6.5072400e-01,  2.3374520e+00
      28,  3.1505110e+00,  0.0000000e+00,  0.0000000e+00,  1.8803000e-02,  6.4841000e-01,  2.1260170e+00
      29,  3.1555310e+00,  0.0000000e+00,  0.0000000e+00,  1.8742000e-02,  6.5085100e-01,  2.1285990e+00
      30,  3.1476090e+00,  0.0000000e+00,  0.0000000e+00,  1.8907000e-02,  6.4092700e-01,  2.1310300e+00
      31,  3.1419620e+00,  0.0000000e+00,  0.0000000e+00,  1.8778000e-02,  6.3689100e-01,  2.1285010e+00
      32,  3.1399420e+00,  0.0000000e+00,  0.0000000e+00,  1.8790000e-02,  6.3633200e-01,  2.1274250e+00
      33,  3.1161450e+00,  0.0000000e+00,  0.0000000e+00,  1.8759000e-02,  6.5371400e-01,  2.0857060e+00
      34,  3.1011610e+00,  0.0000000e+00,  0.0000000e+00,  1.8789000e-02,  6.3804500e-01,  2.0860870e+00
      35,  3.0941100e+00,  0.0000000e+00,  0.0000000e+00,  1.8763000e-02,  6.3129200e-01,  2.0865690e+00
      36,  3.0893060e+00,  0.0000000e+00,  0.0000000e+00,  1.8707000e-02,  6.2686500e-01,  2.0837790e+00
      37,  3.0908830e+00,  0.0000000e+00,  0.0000000e+00,  1.8778000e-02,  6.2701700e-01,  2.0886000e+00
      38,  3.0910320e+00,  0.0000000e+00,  0.0000000e+00,  1.8816000e-02,  6.2765700e-01,  2.0859340e+00
      39,  3.0624890e+00,  0.0000000e+00,  0.0000000e+00,  1.8876000e-02,  6.2660400e-01,  2.0589360e+00
      40,  3.0607440e+00,  0.0000000e+00,  0.0000000e+00,  1.8870000e-02,  6.2580600e-01,  2.0583120e+00
      41,  3.0617100e+00,  0.0000000e+00,  0.0000000e+00,  1.8797000e-02,  6.2588200e-01,  2.0596420e+00
      42,  3.0594570e+00,  0.0000000e+00,  0.0000000e+00,  1.8875000e-02,  6.2147100e-01,  2.0629540e+00
      43,  3.0591750e+00,  0.0000000e+00,  0.0000000e+00,  1.8813000e-02,  6.2357200e-01,  2.0596400e+00
      44,  3.0583850e+00,  0.0000000e+00,  0.0000000e+00,  1.8771000e-02,  6.2136100e-01,  2.0602310e+00
      45,  3.0484090e+00,  0.0000000e+00,  0.0000000e+00,  1.8877000e-02,  6.1334700e-01,  2.0578080e+00
      46,  3.0459360e+00,  0.0000000e+00,  0.0000000e+00,  1.8964000e-02,  6.1022400e-01,  2.0588630e+00
      47,  3.0516070e+00,  0.0000000e+00,  0.0000000e+00,  1.8833000e-02,  6.1400800e-01,  2.0608180e+00
      48,  3.0430400e+00,  0.0000000e+00,  0.0000000e+00,  1.8829000e-02,  6.0728200e-01,  2.0595150e+00
      49,  3.0469400e+00,  0.0000000e+00,  0.0000000e+00,  1.8748000e-02,  6.0927400e-01,  2.0621250e+00
      50,  3.0420200e+00,  0.0000000e+00,  0.0000000e+00,  1.8764000e-02,  6.0676800e-01,  2.0598390e+00
      51,  3.2370000e+00,  0.0000000e+00,  0.0000000e+00,  1.8809000e-02,  6.0654600e-01,  2.2549310e+00
      52,  3.0428750e+00,  0.0000000e+00,  0.0000000e+00,  1.8838000e-02,  6.0714000e-01,  2.0596600e+00
      53,  3.0410550e+00,  0.0000000e+00,  0.0000000e+00,  1.8816000e-02,  5.9794200e-01,  2.0662970e+00
      54,  3.0302050e+00,  0.0000000e+00,  0.0000000e+00,  1.8710000e-02,  5.9570300e-01,  2.0588600e+00
      55,  3.0339460e+00,  0.0000000e+00,  0.0000000e+00,  1.8810000e-02,  5.9853300e-01,  2.0598580e+00
      56,  3.0353770e+00,  0.0000000e+00,  0.0000000e+00,  1.8800000e-02,  5.9643300e-01,  2.0635020e+00
      57,  3.0308240e+00,  0.0000000e+00,  0.0000000e+00,  1.8781000e-02,  5.9575500e-01,  2.0574880e+00
      58,  3.0274850e+00,  0.0000000e+00,  0.0000000e+00,  1.8829000e-02,  5.9440500e-01,  2.0536960e+00
      59,  3.0298570e+00,  0.0000000e+00,  0.0000000e+00,  1.8811000e-02,  5.9641300e-01,  2.0581350e+00
      60,  3.0291100e+00,  0.0000000e+00,  0.0000000e+00,  1.8832000e-02,  5.9225600e-01,  2.0601780e+00
      61,  3.0288370e+00,  0.0000000e+00,  0.0000000e+00,  1.8799000e-02,  5.9438200e-01,  2.0600610e+00
      62,  3.0273270e+00,  0.0000000e+00,  0.0000000e+00,  1.8830000e-02,  5.9220800e-01,  2.0599910e+00
      63,  3.2356410e+00,  0.0000000e+00,  0.0000000e+00,  1.8960000e-02,  5.9260700e-01,  2.2676330e+00
      64,  3.0255070e+00,  0.0000000e+00,  0.0000000e+00,  1.8821000e-02,  5.9327900e-01,  2.0549780e+00
      65,  3.0277480e+00,  0.0000000e+00,  0.0000000e+00,  1.8813000e-02,  5.9177100e-01,  2.0611710e+00
      66,  3.0348740e+00,  0.0000000e+00,  0.0000000e+00,  1.8776000e-02,  5.9275500e-01,  2.0643170e+00
      67,  3.0286050e+00,  0.0000000e+00,  0.0000000e+00,  1.8765000e-02,  5.9135900e-01,  2.0615030e+00
      68,  3.0261960e+00,  0.0000000e+00,  0.0000000e+00,  1.8806000e-02,  5.8939100e-01,  2.0610490e+00
      69,  3.0267040e+00,  0.0000000e+00,  0.0000000e+00,  1.8771000e-02,  5.9207900e-01,  2.0586980e+00
      70,  3.0247530e+00,  0.0000000e+00,  0.0000000e+00,  1.8819000e-02,  5.8942300e-01,  2.0592670e+00
      71,  3.2289830e+00,  0.0000000e+00,  0.0000000e+00,  1.8849000e-02,  7.9046400e-01,  2.0584000e+00
      72,  3.0451530e+00,  0.0000000e+00,  0.0000000e+00,  1.8741000e-02,  5.9149300e-01,  2.0785560e+00
      73,  3.0225610e+00,  0.0000000e+00,  0.0000000e+00,  1.8821000e-02,  5.8837400e-01,  2.0583120e+00
      74,  3.0188970e+00,  0.0000000e+00,  0.0000000e+00,  1.8861000e-02,  5.8223700e-01,  2.0612660e+00
      75,  3.0277750e+00,  0.0000000e+00,  0.0000000e+00,  1.8820000e-02,  5.9152300e-01,  2.0594190e+00
      76,  3.0241100e+00,  0.0000000e+00,  0.0000000e+00,  1.8845000e-02,  5.8560000e-01,  2.0618660e+00
      77,  3.0184650e+00,  0.0000000e+00,  0.0000000e+00,  1.8772000e-02,  5.8236900e-01,  2.0595650e+00
      78,  3.0163150e+00,  0.0000000e+00,  0.0000000e+00,  1.8734000e-02,  5.8085800e-01,  2.0591140e+00
      79,  3.0160190e+00,  0.0000000e+00,  0.0000000e+00,  1.8791000e-02,  5.8162400e-01,  2.0575960e+00
      80,  3.0177730e+00,  0.0000000e+00,  0.0000000e+00,  1.8768000e-02,  5.8035800e-01,  2.0599230e+00
      81,  3.0160240e+00,  0.0000000e+00,  0.0000000e+00,  1.8779000e-02,  5.7814800e-01,  2.0621340e+00
      82,  3.0164480e+00,  0.0000000e+00,  0.0000000e+00,  1.8802000e-02,  5.8424000e-01,  2.0564310e+00
      83,  3.0123960e+00,  0.0000000e+00,  0.0000000e+00,  1.8816000e-02,  5.7902200e-01,  2.0571420e+00
      84,  3.0139070e+00,  0.0000000e+00,  0.0000000e+00,  1.8751000e-02,  5.7951400e-01,  2.0585810e+00
      85,  3.0167580e+00,  0.0000000e+00,  0.0000000e+00,  1.8783000e-02,  5.7932200e-01,  2.0619940e+00
      86,  3.0204850e+00,  0.0000000e+00,  0.0000000e+00,  1.8742000e-02,  5.8362900e-01,  2.0636300e+00
      87,  3.0153100e+00,  0.0000000e+00,  0.0000000e+00,  1.8845000e-02,  5.8096700e-01,  2.0586100e+00
      88,  3.0149830e+00,  0.0000000e+00,  0.0000000e+00,  1.8783000e-02,  5.7844300e-01,  2.0611080e+00
      89,  3.0137530e+00,  0.0000000e+00,  0.0000000e+00,  1.8774000e-02,  5.7963400e-01,  2.0575920e+00
      90,  3.0181620e+00,  0.0000000e+00,  0.0000000e+00,  2.0058000e-02,  5.7978900e-01,  2.0607020e+00
      91,  3.2170800e+00,  0.0000000e+00,  0.0000000e+00,  1.8742000e-02,  7.8106400e-01,  2.0608620e+00
      92,  3.0305210e+00,  0.0000000e+00,  0.0000000e+00,  1.8786000e-02,  5.9416100e-01,  2.0594740e+00
      93,  3.2308600e+00,  0.0000000e+00,  0.0000000e+00,  2.0357000e-02,  5.7808100e-01,  2.2762480e+00
      94,  3.0133310e+00,  0.0000000e+00,  0.0000000e+00,  1.8781000e-02,  5.7656200e-01,  2.0603800e+00
      95,  3.0114460e+00,  0.0000000e+00,  0.0000000e+00,  1.8795000e-02,  5.7637800e-01,  2.0594560e+00
      96,  2.9913970e+00,  0.0000000e+00,  0.0000000e+00,  1.8816000e-02,  5.5722400e-01,  2.0586340e+00
      97,  2.9744360e+00,  0.0000000e+00,  0.0000000e+00,  1.8742000e-02,  5.4030300e-01,  2.0585310e+00
      98,  2.9930830e+00,  0.0000000e+00,  0.0000000e+00,  1.8812000e-02,  5.5842700e-01,  2.0592810e+00
      99,  2.9764310e+00,  0.0000000e+00,  0.0000000e+00,  1.8758000e-02,  5.3943700e-01,  2.0614960e+00
     100,  2.9942970e+00,  0.0000000e+00,  0.0000000e+00,  1.8739000e-02,  5.5820400e-01,  2.0602230e+00
     101,  2.9694510e+00,  0.0000000e+00,  0.0000000e+00,  1.8843000e-02,  5.3557100e-01,  2.0569660e+00
     102,  2.9982690e+00,  0.0000000e+00,  0.0000000e+00,  1.8813000e-02,  5.5697900e-01,  2.0643730e+00
     103,  2.9683560e+00,  0.0000000e+00,  0.0000000e+00,  1.8838000e-02,  5.3246200e-01,  2.0604220e+00
     104,  2.9745050e+00,  0.0000000e+00,  0.0000000e+00,  1.8746000e-02,  5.3672500e-01,  2.0622230e+00
     105,  2.9726400e+00,  0.0000000e+00,  0.0000000e+00,  1.8772000e-02,  5.3446900e-01,  2.0626120e+00
     106,  2.9739860e+00,  0.0000000e+00,  0.0000000e+00,  1.8762000e-02,  5.3779500e-01,  2.0566420e+00
     107,  2.9683490e+00,  0.0000000e+00,  0.0000000e+00,  1.8832000e-02,  5.3262300e-01,  2.0599500e+00
     108,  2.9680080e+00,  0.0000000e+00,  0.0000000e+00,  1.8995000e-02,  5.3349200e-01,  2.0580660e+00
     109,  2.9742750e+00,  0.0000000e+00,  0.0000000e+00,  1.8747000e-02,  5.3433800e-01,  2.0626880e+00
     110,  2.9670440e+00,  0.0000000e+00,  0.0000000e+00,  1.8722000e-02,  5.3304100e-01,  2.0562420e+00
     111,  2.9738370e+00,  0.0000000e+00,  0.0000000e+00,  1.8732000e-02,  5.3349800e-01,  2.0648170e+00
     112,  2.9790870e+00,  0.0000000e+00,  0.0000000e+00,  1.8723000e-02,  5.4085800e-01,  2.0606890e+00
     113,  2.9844470e+00,  0.0000000e+00,  0.0000000e+00,  1.8811000e-02,  5.4957200e-01,  2.0592880e+00
     114,  2.9375400e+00,  0.0000000e+00,  0.0000000e+00,  1.8730000e-02,  5.0053500e-01,  2.0608390e+00
     115,  2.9746660e+00,  0.0000000e+00,  0.0000000e+00,  1.8795000e-02,  5.3861500e-01,  2.0598660e+00
     116,  2.9685860e+00,  0.0000000e+00,  0.0000000e+00,  1.8696000e-02,  5.3046000e-01,  2.0616130e+00
     117,  2.9384350e+00,  0.0000000e+00,  0.0000000e+00,  1.8844000e-02,  5.0295500e-01,  2.0597190e+00
     118,  2.9601410e+00,  0.0000000e+00,  0.0000000e+00,  1.8801000e-02,  5.2638000e-01,  2.0606170e+00
     119,  2.9356460e+00,  0.0000000e+00,  0.0000000e+00,  1.8773000e-02,  4.9997400e-01,  2.0594370e+00
     120,  2.9391720e+00,  0.0000000e+00,  0.0000000e+00,  1.8851000e-02,  5.0362000e-01,  2.0588120e+00
     121,  3.1958180e+00,  0.0000000e+00,  0.0000000e+00,  1.8712000e-02,  5.5012100e-01,  2.2702760e+00
     122,  3.1409770e+00,  0.0000000e+00,  0.0000000e+00,  1.8779000e-02,  4.9609700e-01,  2.2690380e+00
     123,  2.9374640e+00,  0.0000000e+00,  0.0000000e+00,  1.8689000e-02,  5.0294000e-01,  2.0592540e+00
     124,  3.0082460e+00,  0.0000000e+00,  0.0000000e+00,  1.8824000e-02,  5.7238600e-01,  2.0581580e+00
     125,  2.9258130e+00,  0.0000000e+00,  0.0000000e+00,  1.9050000e-02,  4.8658900e-01,  2.0622200e+00
     126,  2.9420920e+00,  0.0000000e+00,  0.0000000e+00,  1.9990000e-02,  5.0068800e-01,  2.0651090e+00
     127,  2.9309080e+00,  0.0000000e+00,  0.0000000e+00,  1.8784000e-02,  4.9692100e-01,  2.0584890e+00
     128,  2.9324280e+00,  0.0000000e+00,  0.0000000e+00,  1.8804000e-02,  4.9749800e-01,  2.0583100e+00
     129,  2.9287040e+00,  0.0000000e+00,  0.0000000e+00,  1.8730000e-02,  4.9744000e-01,  2.0535630e+00
     130,  2.9359370e+00,  0.0000000e+00,  0.0000000e+00,  1.8904000e-02,  4.9999100e-01,  2.0595830e+00
     131,  2.9544900e+00,  0.0000000e+00,  0.0000000e+00,  1.8880000e-02,  5.1685600e-01,  2.0617450e+00
     132,  2.9253910e+00,  0.0000000e+00,  0.0000000e+00,  1.8865000e-02,  4.8114300e-01,  2.0687150e+00
     133,  2.9535310e+00,  0.0000000e+00,  0.0000000e+00,  2.0127000e-02,  5.1732300e-01,  2.0589460e+00
     134,  2.9016580e+00,  0.0000000e+00,  0.0000000e+00,  1.8804000e-02,  4.6373200e-01,  2.0609780e+00
     135,  2.9561300e+00,  0.0000000e+00,  0.0000000e+00,  1.9803000e-02,  5.1593300e-01,  2.0628340e+00
     136,  2.8978380e+00,  0.0000000e+00,  0.0000000e+00,  1.8801000e-02,  4.5754000e-01,  2.0638490e+00
     137,  2.9344840e+00,  0.0000000e+00,  0.0000000e+00,  1.8934000e-02,  4.9655300e-01,  2.0612870e+00
     138,  2.8346640e+00,  0.0000000e+00,  0.0000000e+00,  1.8815000e-02,  3.9489300e-01,  2.0612140e+00
     139,  2.9404610e+00,  0.0000000e+00,  0.0000000e+00,  1.8887000e-02,  5.0067300e-01,  2.0637020e+00
     140,  2.8185780e+00,  0.0000000e+00,  0.0000000e+00,  1.8859000e-02,  3.8116300e-01,  2.0613920e+00
     141,  2.8602630e+00,  0.0000000e+00,  0.0000000e+00,  1.8866000e-02,  4.2402300e-01,  2.0610340e+00
     142,  2.9455390e+00,  0.0000000e+00,  0.0000000e+00,  1.8888000e-02,  5.0785100e-01,  2.0632200e+00
     143,  2.9298130e+00,  0.0000000e+00,  0.0000000e+00,  1.8872000e-02,  4.8947800e-01,  2.0635790e+00
     144,  2.8581520e+00,  0.0000000e+00,  0.0000000e+00,  1.9105000e-02,  4.2109500e-01,  2.0586680e+00
     145,  2.9104150e+00,  0.0000000e+00,  0.0000000e+00,  1.9114000e-02,  4.7598100e-01,  2.0586740e+00
     146,  2.8828490e+00,  0.0000000e+00,  0.0000000e+00,  1.9060000e-02,  4.4456200e-01,  2.0608870e+00
     147,  2.8148270e+00,  0.0000000e+00,  0.0000000e+00,  1.8989000e-02,  3.7561200e-01,  2.0594160e+00
     148,  2.8504230e+00,  0.0000000e+00,  0.0000000e+00,  1.9047000e-02,  4.1407400e-01,  2.0606690e+00
     149,  2.8987790e+00,  0.0000000e+00,  0.0000000e+00,  1.9047000e-02,  4.6174800e-01,  2.0615700e+00
     150,  2.7938310e+00,  0.0000000e+00,  0.0000000e+00,  1.9055000e-02,  3.5631300e-01,  2.0618220e+00
     151,  2.7951870e+00,  0.0000000e+00,  0.0000000e+00,  1.9124000e-02,  3.5953200e-01,  2.0602610e+00
     152,  2.7984210e+00,  0.0000000e+00,  0.0000000e+00,  1.9131000e-02,  3.6160000e-01,  2.0594450e+00
     153,  2.8157300e+00,  0.0000000e+00,  0.0000000e+00,  1.9119000e-02,  3.7933600e-01,  2.0600230e+00
     154,  2.8031720e+00,  0.0000000e+00,  0.0000000e+00,  1.9192000e-02,  3.6661800e-01,  2.0592200e+00
     155,  2.8012660e+00,  0.0000000e+00,  0.0000000e+00,  1.9113000e-02,  3.6369100e-01,  2.0616230e+00
     156,  2.7963680e+00,  0.0000000e+00,  0.0000000e+00,  1.9045000e-02,  3.5831500e-01,  2.0614920e+00
     157,  2.7963950e+00,  0.0000000e+00,  0.0000000e+00,  1.9122000e-02,  3.5926500e-01,  2.0616440e+00
     158,  3.0011070e+00,  0.0000000e+00,  0.0000000e+00,  1.9065000e-02,  3.6078900e-01,  2.2642580e+00
     159,  2.7933910e+00,  0.0000000e+00,  0.0000000e+00,  1.9015000e-02,  3.5731900e-01,  2.0610280e+00
     160,  2.7943910e+00,  0.0000000e+00,  0.0000000e+00,  1.8979000e-02,  3.5820900e-01,  2.0603270e+00
     161,  2.7932460e+00,  0.0000000e+00,  0.0000000e+00,  1.9060000e-02,  3.5532500e-01,  2.0619210e+00
     162,  2.7926750e+00,  0.0000000e+00,  0.0000000e+00,  1.9066000e-02,  3.5714600e-01,  2.0593930e+00
     163,  2.7939700e+00,  0.0000000e+00,  0.0000000e+00,  1.9137000e-02,  3.5843100e-01,  2.0595400e+00
     164,  2.7956210e+00,  0.0000000e+00,  0.0000000e+00,  1.8996000e-02,  3.5787700e-01,  2.0618670e+00
     165,  2.7967800e+00,  0.0000000e+00,  0.0000000e+00,  1.9129000e-02,  3.6004500e-01,  2.0603750e+00
     166,  2.8020080e+00,  0.0000000e+00,  0.0000000e+00,  1.9131000e-02,  3.6320400e-01,  2.0619630e+00
     167,  2.8008560e+00,  0.0000000e+00,  0.0000000e+00,  1.9131000e-02,  3.6484900e-01,  2.0605650e+00
     168,  2.8120410e+00,  0.0000000e+00,  0.0000000e+00,  1.9039000e-02,  3.7447800e-01,  2.0612640e+00
     169,  2.8023710e+00,  0.0000000e+00,  0.0000000e+00,  1.9098000e-02,  3.6466600e-01,  2.0614460e+00
     170,  2.8033140e+00,  0.0000000e+00,  0.0000000e+00,  1.9061000e-02,  3.6480900e-01,  2.0631750e+00
     171,  2.8018910e+00,  0.0000000e+00,  0.0000000e+00,  1.9098000e-02,  3.6647500e-01,  2.0605460e+00
     172,  2.8017180e+00,  0.0000000e+00,  0.0000000e+00,  1.9105000e-02,  3.6551800e-01,  2.0585950e+00
     173,  2.8104410e+00,  0.0000000e+00,  0.0000000e+00,  1.9127000e-02,  3.6555300e-01,  2.0625690e+00
     174,  2.8115420e+00,  0.0000000e+00,  0.0000000e+00,  1.8998000e-02,  3.6525200e-01,  2.0699900e+00
     175,  2.8060770e+00,  0.0000000e+00,  0.0000000e+00,  1.9025000e-02,  3.6792300e-01,  2.0624240e+00
     176,  2.8048680e+00,  0.0000000e+00,  0.0000000e+00,  1.9049000e-02,  3.6782000e-01,  2.0596490e+00
     177,  2.8087340e+00,  0.0000000e+00,  0.0000000e+00,  1.8993000e-02,  3.6891700e-01,  2.0629930e+00
     178,  2.8039280e+00,  0.0000000e+00,  0.0000000e+00,  1.9146000e-02,  3.6549900e-01,  2.0605130e+00
     179,  2.8052810e+00,  0.0000000e+00,  0.0000000e+00,  1.9039000e-02,  3.6787800e-01,  2.0604210e+00
     180,  2.8064370e+00,  0.0000000e+00,  0.0000000e+00,  1.9000000e-02,  3.6838100e-01,  2.0605100e+00
     181,  2.8100090e+00,  0.0000000e+00,  0.0000000e+00,  1.9011000e-02,  3.6869300e-01,  2.0641240e+00
     182,  2.8065360e+00,  0.0000000e+00,  0.0000000e+00,  1.9036000e-02,  3.6821800e-01,  2.0621240e+00
     183,  2.8070950e+00,  0.0000000e+00,  0.0000000e+00,  1.9070000e-02,  3.6993500e-01,  2.0612790e+00
     184,  2.8103250e+00,  0.0000000e+00,  0.0000000e+00,  1.8934000e-02,  3.6871800e-01,  2.0636870e+00
     185,  3.0585200e+00,  0.0000000e+00,  0.0000000e+00,  1.8984000e-02,  3.7200000e-01,  2.3099390e+00
     186,  3.0888730e+00,  0.0000000e+00,  0.0000000e+00,  1.9145000e-02,  3.6988600e-01,  2.3432070e+00
     187,  2.8353830e+00,  0.0000000e+00,  0.0000000e+00,  1.9018000e-02,  3.6895500e-01,  2.0905880e+00
     188,  2.8407270e+00,  0.0000000e+00,  0.0000000e+00,  1.9014000e-02,  3.7963500e-01,  2.0838640e+00
     189,  2.8512110e+00,  0.0000000e+00,  0.0000000e+00,  1.9002000e-02,  3.8009900e-01,  2.0936760e+00
     190,  2.8426200e+00,  0.0000000e+00,  0.0000000e+00,  1.8995000e-02,  3.7863400e-01,  2.0882930e+00
     191,  2.8485110e+00,  0.0000000e+00,  0.0000000e+00,  1.9009000e-02,  3.8236200e-01,  2.0897550e+00
     192,  2.8039190e+00,  0.0000000e+00,  0.0000000e+00,  1.9057000e-02,  3.4058100e-01,  2.0868640e+00
     193,  2.8224820e+00,  0.0000000e+00,  0.0000000e+00,  1.9024000e-02,  3.8677700e-01,  2.0588180e+00
     194,  2.8283510e+00,  0.0000000e+00,  0.0000000e+00,  1.9034000e-02,  3.6339100e-01,  2.0885590e+00
     195,  2.8290990e+00,  0.0000000e+00,  0.0000000e+00,  1.9003000e-02,  3.6377400e-01,  2.0874080e+00
     196,  2.8419790e+00,  0.0000000e+00,  0.0000000e+00,  1.8994000e-02,  3.6377000e-01,  2.1020280e+00
     197,  2.8296140e+00,  0.0000000e+00,  0.0000000e+00,  1.9023000e-02,  3.6466300e-01,  2.0881330e+00
     198,  2.8292270e+00,  0.0000000e+00,  0.0000000e+00,  1.8971000e-02,  3.6468900e-01,  2.0883170e+00
     199,  2.8252280e+00,  0.0000000e+00,  0.0000000e+00,  1.8970000e-02,  3.6437700e-01,  2.0845020e+00
     200,  2.8320340e+00,  0.0000000e+00,  0.0000000e+00,  1.8921000e-02,  3.6559500e-01,  2.0864500e+00
     201,  2.8299690e+00,  0.0000000e+00,  0.0000000e+00,  1.8938000e-02,  3.6536900e-01,  2.0872200e+00
     202,  2.8281240e+00,  0.0000000e+00,  0.0000000e+00,  1.9102000e-02,  3.6543900e-01,  2.0861820e+00
     203,  2.8288680e+00,  0.0000000e+00,  0.0000000e+00,  1.9142000e-02,  3.6322200e-01,  2.0892950e+00
     204,  2.8286850e+00,  0.0000000e+00,  0.0000000e+00,  1.9115000e-02,  3.6470100e-01,  2.0860690e+00
     205,  2.8286690e+00,  0.0000000e+00,  0.0000000e+00,  1.9052000e-02,  3.6522300e-01,  2.0873240e+00
     206,  2.8308040e+00,  0.0000000e+00,  0.0000000e+00,  1.9086000e-02,  3.6773800e-01,  2.0854760e+00
     207,  2.8154930e+00,  0.0000000e+00,  0.0000000e+00,  1.9121000e-02,  3.5178400e-01,  2.0872780e+00
     208,  2.8504150e+00,  0.0000000e+00,  0.0000000e+00,  1.9114000e-02,  3.8940100e-01,  2.0844530e+00
     209,  2.8160080e+00,  0.0000000e+00,  0.0000000e+00,  1.9247000e-02,  3.5362600e-01,  2.0863530e+00
     210,  3.0707110e+00,  0.0000000e+00,  0.0000000e+00,  1.9202000e-02,  3.8889800e-01,  2.2990240e+00
     211,  2.8142260e+00,  0.0000000e+00,  0.0000000e+00,  1.9218000e-02,  3.5301200e-01,  2.0843380e+00
     212,  2.8482770e+00,  0.0000000e+00,  0.0000000e+00,  1.9077000e-02,  3.8401300e-01,  2.0867360e+00
     213,  2.8138850e+00,  0.0000000e+00,  0.0000000e+00,  1.8994000e-02,  3.5159500e-01,  2.0844310e+00
     214,  2.8473150e+00,  0.0000000e+00,  0.0000000e+00,  1.9145000e-02,  3.8576700e-01,  2.0842800e+00
     215,  3.0334510e+00,  0.0000000e+00,  0.0000000e+00,  1.9137000e-02,  3.6120400e-01,  2.2950750e+00
     216,  2.8487360e+00,  0.0000000e+00,  0.0000000e+00,  1.9111000e-02,  3.8528600e-01,  2.0871550e+00
     217,  2.8102700e+00,  0.0000000e+00,  0.0000000e+00,  1.9042000e-02,  3.5164700e-01,  2.0829460e+00
     218,  2.8110770e+00,  0.0000000e+00,  0.0000000e+00,  1.9016000e-02,  3.5355300e-01,  2.0821490e+00
     219,  3.0996630e+00,  0.0000000e+00,  0.0000000e+00,  1.9115000e-02,  3.8850100e-01,  2.3350620e+00
     220,  2.8003650e+00,  0.0000000e+00,  0.0000000e+00,  1.9012000e-02,  3.4179100e-01,  2.0819000e+00
     221,  2.8105410e+00,  0.0000000e+00,  0.0000000e+00,  1.9051000e-02,  3.5264200e-01,  2.0820580e+00
     222,  2.8111550e+00,  0.0000000e+00,  0.0000000e+00,  1.9052000e-02,  3.5458500e-01,  2.0768350e+00
     223,  2.8132630e+00,  0.0000000e+00,  0.0000000e+00,  1.8982000e-02,  3.5699200e-01,  2.0792870e+00
     224,  2.8156060e+00,  0.0000000e+00,  0.0000000e+00,  1.9010000e-02,  3.5636200e-01,  2.0836140e+00
     225,  2.8113410e+00,  0.0000000e+00,  0.0000000e+00,  1.8969000e-02,  3.5591000e-01,  2.0799770e+00
     226,  2.8110330e+00,  0.0000000e+00,  0.0000000e+00,  1.8933000e-02,  3.5350500e-01,  2.0820420e+00
     227,  2.8133380e+00,  0.0000000e+00,  0.0000000e+00,  1.8995000e-02,  3.5695300e-01,  2.0814630e+00
     228,  2.8089230e+00,  0.0000000e+00,  0.0000000e+00,  1.9017000e-02,  3.5309400e-01,  2.0799300e+00
     229,  2.8073120e+00,  0.0000000e+00,  0.0000000e+00,  1.9053000e-02,  3.5228500e-01,  2.0798020e+00
     230,  2.8070040e+00,  0.0000000e+00,  0.0000000e+00,  1.8954000e-02,  3.5188500e-01,  2.0799760e+00
     231,  2.8014050e+00,  0.0000000e+00,  0.0000000e+00,  1.8978000e-02,  3.4335900e-01,  2.0838140e+00
     232,  2.8022420e+00,  0.0000000e+00,  0.0000000e+00,  2.0494000e-02,  3.4317300e-01,  2.0808560e+00
     233,  2.7985980e+00,  0.0000000e+00,  0.0000000e+00,  1.9053000e-02,  3.4110500e-01,  2.0826040e+00
     234,  2.7857380e+00,  0.0000000e+00,  0.0000000e+00,  1.8979000e-02,  3.3028100e-01,  2.0788460e+00
     235,  2.9344500e+00,  0.0000000e+00,  0.0000000e+00,  1.8943000e-02,  4.3486300e-01,  2.1239700e+00
     236,  2.8046300e+00,  0.0000000e+00,  0.0000000e+00,  1.8934000e-02,  3.0935900e-01,  2.1201980e+00
     237,  2.8059790e+00,  0.0000000e+00,  0.0000000e+00,  1.9057000e-02,  3.0854200e-01,  2.1218230e+00
     238,  2.8359730e+00,  0.0000000e+00,  0.0000000e+00,  1.9026000e-02,  3.2702900e-01,  2.1323920e+00
     239,  2.9134470e+00,  0.0000000e+00,  0.0000000e+00,  1.8983000e-02,  4.1686800e-01,  2.1208130e+00
     240,  2.8119270e+00,  0.0000000e+00,  0.0000000e+00,  2.0319000e-02,  3.1479500e-01,  2.1193870e+00
     241,  2.8139300e+00,  0.0000000e+00,  0.0000000e+00,  1.8949000e-02,  3.1610800e-01,  2.1216600e+00
     242,  2.9147560e+00,  0.0000000e+00,  0.0000000e+00,  1.9074000e-02,  4.1875100e-01,  2.1204730e+00
     243,  2.8129790e+00,  0.0000000e+00,  0.0000000e+00,  1.8939000e-02,  3.1667700e-01,  2.1208310e+00
     244,  2.8133870e+00,  0.0000000e+00,  0.0000000e+00,  1.8914000e-02,  3.1696000e-01,  2.1202660e+00
     245,  2.9078820e+00,  0.0000000e+00,  0.0000000e+00,  1.8992000e-02,  4.1170200e-01,  2.1184230e+00
     246,  2.8159540e+00,  0.0000000e+00,  0.0000000e+00,  1.9028000e-02,  3.1640800e-01,  2.1241640e+00
     247,  3.0241340e+00,  0.0000000e+00,  0.0000000e+00,  1.8963000e-02,  3.1554700e-01,  2.3330060e+00
     248,  2.9059240e+00,  0.0000000e+00,  0.0000000e+00,  1.9011000e-02,  4.1112700e-01,  2.1206070e+00
     249,  2.8124240e+00,  0.0000000e+00,  0.0000000e+00,  1.8973000e-02,  3.1544000e-01,  2.1217930e+00
     250,  2.8167890e+00,  0.0000000e+00,  0.0000000e+00,  1.8933000e-02,  3.1678200e-01,  2.1247150e+00
     251,  2.9097620e+00,  0.0000000e+00,  0.0000000e+00,  1.9021000e-02,  4.1131400e-01,  2.1220080e+00
     252,  2.8132440e+00,  0.0000000e+00,  0.0000000e+00,  1.8922000e-02,  3.1539700e-01,  2.1220690e+00
     253,  2.8148730e+00,  0.0000000e+00,  0.0000000e+00,  1.8947000e-02,  3.1450800e-01,  2.1239200e+00
     254,  2.9466220e+00,  0.0000000e+00,  0.0000000e+00,  1.8880000e-02,  4.5133100e-01,  2.1185620e+00
     255,  2.8548750e+00,  0.0000000e+00,  0.0000000e+00,  1.8959000e-02,  3.5416500e-01,  2.1172050e+00
     256,  2.9151910e+00,  0.0000000e+00,  0.0000000e+00,  1.8996000e-02,  4.1718300e-01,  2.1234250e+00
     257,  2.8551960e+00,  0.0000000e+00,  0.0000000e+00,  1.9030000e-02,  3.5793100e-01,  2.1207630e+00
     258,  2.8774340e+00,  0.0000000e+00,  0.0000000e+00,  1.8901000e-02,  3.7690900e-01,  2.1249730e+00
     259,  2.8116410e+00,  0.0000000e+00,  0.0000000e+00,  1.8891000e-02,  3.1480500e-01,  2.1198620e+00
     260,  2.8160230e+00,  0.0000000e+00,  0.0000000e+00,  1.8859000e-02,  3.1630200e-01,  2.1243090e+00
     261,  2.8767070e+00,  0.0000000e+00,  0.0000000e+00,  1.8883000e-02,  3.7887600e-01,  2.1219370e+00
     262,  2.8553030e+00,  0.0000000e+00,  0.0000000e+00,  1.8890000e-02,  3.5529400e-01,  2.1231830e+00
     263,  2.8568890e+00,  0.0000000e+00,  0.0000000e+00,  1.8971000e-02,  3.5329100e-01,  2.1233130e+00
     264,  2.8507390e+00,  0.0000000e+00,  0.0000000e+00,  1.8920000e-02,  3.5517600e-01,  2.1198640e+00
     265,  2.9110940e+00,  0.0000000e+00,  0.0000000e+00,  1.8950000e-02,  4.1163300e-01,  2.1241760e+00
     266,  2.8522630e+00,  0.0000000e+00,  0.0000000e+00,  1.8992000e-02,  3.5297900e-01,  2.1206630e+00
     267,  2.9099400e+00,  0.0000000e+00,  0.0000000e+00,  1.8944000e-02,  4.1266000e-01,  2.1213280e+00
     268,  2.8520210e+00,  0.0000000e+00,  0.0000000e+00,  1.8838000e-02,  3.5343000e-01,  2.1233420e+00
     269,  2.8985260e+00,  0.0000000e+00,  0.0000000e+00,  1.9274000e-02,  3.9997100e-01,  2.1218320e+00
     270,  2.8467880e+00,  0.0000000e+00,  0.0000000e+00,  1.8846000e-02,  3.5113200e-01,  2.1194310e+00
     271,  2.8116480e+00,  0.0000000e+00,  0.0000000e+00,  1.8944000e-02,  3.1368800e-01,  2.1225300e+00
     272,  2.8105580e+00,  0.0000000e+00,  0.0000000e+00,  1.8963000e-02,  3.1301400e-01,  2.1210220e+00
     273,  2.8141020e+00,  0.0000000e+00,  0.0000000e+00,  1.9006000e-02,  3.1262700e-01,  2.1257900e+00
     274,  2.8533480e+00,  0.0000000e+00,  0.0000000e+00,  2.0765000e-02,  3.5168200e-01,  2.1233900e+00
     275,  2.8471500e+00,  0.0000000e+00,  0.0000000e+00,  1.8912000e-02,  3.4882200e-01,  2.1222620e+00
     276,  2.8458180e+00,  0.0000000e+00,  0.0000000e+00,  1.8939000e-02,  3.4811100e-01,  2.1219310e+00
     277,  2.8097860e+00,  0.0000000e+00,  0.0000000e+00,  1.9053000e-02,  3.0930500e-01,  2.1254360e+00
     278,  2.8113470e+00,  0.0000000e+00,  0.0000000e+00,  1.8899000e-02,  3.1252300e-01,  2.1219290e+00
     279,  2.8084730e+00,  0.0000000e+00,  0.0000000e+00,  1.8921000e-02,  3.1024900e-01,  2.1227910e+00
     280,  2.8463560e+00,  0.0000000e+00,  0.0000000e+00,  1.8907000e-02,  3.4867300e-01,  2.1230310e+00
     281,  2.8448660e+00,  0.0000000e+00,  0.0000000e+00,  1.8960000e-02,  3.4591300e-01,  2.1223970e+00
     282,  2.8436540e+00,  0.0000000e+00,  0.0000000e+00,  1.8974000e-02,  3.4730600e-01,  2.1206450e+00
     283,  2.8036020e+00,  0.0000000e+00,  0.0000000e+00,  1.8963000e-02,  3.0790000e-01,  2.1189250e+00
     284,  2.8129560e+00,  0.0000000e+00,  0.0000000e+00,  1.8961000e-02,  3.0888100e-01,  2.1282680e+00
     285,  2.8066620e+00,  0.0000000e+00,  0.0000000e+00,  1.8955000e-02,  3.0798500e-01,  2.1218160e+00
     286,  2.8422140e+00,  0.0000000e+00,  0.0000000e+00,  1.8984000e-02,  3.4496400e-01,  2.1208680e+00
     287,  2.8464480e+00,  0.0000000e+00,  0.0000000e+00,  1.9028000e-02,  3.4644000e-01,  2.1225450e+00
     288,  2.8426090e+00,  0.0000000e+00,  0.0000000e+00,  1.8994000e-02,  3.4484900e-01,  2.1214150e+00
     289,  2.8053050e+00,  0.0000000e+00,  0.0000000e+00,  1.8904000e-02,  3.0691600e-01,  2.1229350e+00
     290,  2.8090500e+00,  0.0000000e+00,  0.0000000e+00,  1.8856000e-02,  3.0980800e-01,  2.1238960e+00
     291,  2.8056250e+00,  0.0000000e+00,  0.0000000e+00,  1.8916000e-02,  3.0576700e-01,  2.1238570e+00
     292,  2.8424800e+00,  0.0000000e+00,  0.0000000e+00,  1.8915000e-02,  3.4424100e-01,  2.1215870e+00
     293,  2.8450420e+00,  0.0000000e+00,  0.0000000e+00,  1.8999000e-02,  3.4712900e-01,  2.1203260e+00
     294,  2.8442370e+00,  0.0000000e+00,  0.0000000e+00,  1.9023000e-02,  3.4438900e-01,  2.1239930e+00
     295,  2.8079480e+00,  0.0000000e+00,  0.0000000e+00,  1.8926000e-02,  3.0745400e-01,  2.1244960e+00
     296,  2.7970520e+00,  0.0000000e+00,  0.0000000e+00,  1.8997000e-02,  2.9779000e-01,  2.1223150e+00
     297,  2.8062480e+00,  0.0000000e+00,  0.0000000e+00,  1.8962000e-02,  3.0634800e-01,  2.1242110e+00
     298,  2.8059570e+00,  0.0000000e+00,  0.0000000e+00,  1.8966000e-02,  3.0738600e-01,  2.1232610e+00
     299,  2.8443690e+00,  0.0000000e+00,  0.0000000e+00,  1.8914000e-02,  3.4642800e-01,  2.1226620e+00
     300,  2.8453080e+00,  0.0000000e+00,  0.0000000e+00,  1.9022000e-02,  3.4450700e-01,  2.1233330e+00
     301,  2.8541380e+00,  0.0000000e+00,  0.0000000e+00,  1.9102000e-02,  3.4578500e-01,  2.1315180e+00
     302,  2.7911580e+00,  0.0000000e+00,  0.0000000e+00,  1.8981000e-02,  2.9499800e-01,  2.1187020e+00
     303,  2.8466360e+00,  0.0000000e+00,  0.0000000e+00,  1.9047000e-02,  3.4829100e-01,  2.1203770e+00
     304,  2.8430990e+00,  0.0000000e+00,  0.0000000e+00,  1.8931000e-02,  3.4676800e-01,  2.1205160e+00
     305,  2.8464770e+00,  0.0000000e+00,  0.0000000e+00,  1.8887000e-02,  3.4593600e-01,  2.1238950e+00
     306,  2.7942550e+00,  0.0000000e+00,  0.0000000e+00,  1.9031000e-02,  2.9612300e-01,  2.1221680e+00
     307,  2.8454000e+00,  0.0000000e+00,  0.0000000e+00,  1.8995000e-02,  3.4725100e-01,  2.1195150e+00
     308,  2.8449240e+00,  0.0000000e+00,  0.0000000e+00,  1.8986000e-02,  3.4702400e-01,  2.1211940e+00
     309,  2.8421550e+00,  0.0000000e+00,  0.0000000e+00,  1.8962000e-02,  3.4477700e-01,  2.1216370e+00
     310,  2.7948760e+00,  0.0000000e+00,  0.0000000e+00,  1.8988000e-02,  2.9615300e-01,  2.1223670e+00
     311,  2.8469970e+00,  0.0000000e+00,  0.0000000e+00,  1.9193000e-02,  3.4864400e-01,  2.1212010e+00
     312,  2.8993780e+00,  0.0000000e+00,  0.0000000e+00,  1.9114000e-02,  4.0195500e-01,  2.1217050e+00
     313,  2.8436070e+00,  0.0000000e+00,  0.0000000e+00,  1.9248000e-02,  3.4548700e-01,  2.1220320e+00
     314,  2.7933480e+00,  0.0000000e+00,  0.0000000e+00,  1.9072000e-02,  2.9466900e-01,  2.1218540e+00
     315,  2.9043450e+00,  0.0000000e+00,  0.0000000e+00,  1.9133000e-02,  4.0507900e-01,  2.1220780e+00
     316,  2.8549460e+00,  0.0000000e+00,  0.0000000e+00,  1.9225000e-02,  3.4805500e-01,  2.1300250e+00
     317,  2.8466870e+00,  0.0000000e+00,  0.0000000e+00,  1.9234000e-02,  3.4681000e-01,  2.1230780e+00
     318,  2.7952840e+00,  0.0000000e+00,  0.0000000e+00,  2.0226000e-02,  2.9631800e-01,  2.1209100e+00
     319,  2.8473210e+00,  0.0000000e+00,  0.0000000e+00,  1.9217000e-02,  3.4848900e-01,  2.1232460e+00
     320,  2.9006600e+00,  0.0000000e+00,  0.0000000e+00,  1.9160000e-02,  4.0055900e-01,  2.1217400e+00
     321,  2.8455850e+00,  0.0000000e+00,  0.0000000e+00,  1.9190000e-02,  3.4499000e-01,  2.1236280e+00
     322,  2.8042170e+00,  0.0000000e+00,  0.0000000e+00,  1.9229000e-02,  2.9640300e-01,  2.1322300e+00
     323,  2.9011180e+00,  0.0000000e+00,  0.0000000e+00,  1.9142000e-02,  4.0114100e-01,  2.1236950e+00
     324,  2.8430620e+00,  0.0000000e+00,  0.0000000e+00,  1.9102000e-02,  3.4451600e-01,  2.1216290e+00
     325,  2.8482010e+00,  0.0000000e+00,  0.0000000e+00,  1.9236000e-02,  3.4896500e-01,  2.1228420e+00
     326,  2.7970920e+00,  0.0000000e+00,  0.0000000e+00,  1.9229000e-02,  2.9737500e-01,  2.1221410e+00
     327,  2.8485430e+00,  0.0000000e+00,  0.0000000e+00,  1.9191000e-02,  3.4904300e-01,  2.1233960e+00
     328,  2.8988810e+00,  0.0000000e+00,  0.0000000e+00,  1.9123000e-02,  3.9997600e-01,  2.1228010e+00
     329,  2.8434950e+00,  0.0000000e+00,  0.0000000e+00,  1.9250000e-02,  3.4331900e-01,  2.1233970e+00
     330,  2.7981750e+00,  0.0000000e+00,  0.0000000e+00,  1.9238000e-02,  2.9776200e-01,  2.1234210e+00
     331,  2.8980540e+00,  0.0000000e+00,  0.0000000e+00,  1.9080000e-02,  4.0083400e-01,  2.1209140e+00
     332,  2.8443080e+00,  0.0000000e+00,  0.0000000e+00,  1.9204000e-02,  3.4569500e-01,  2.1225340e+00
     333,  2.8452770e+00,  0.0000000e+00,  0.0000000e+00,  1.9239000e-02,  3.4846500e-01,  2.1196160e+00
     334,  2.7954040e+00,  0.0000000e+00,  0.0000000e+00,  1.9147000e-02,  2.9729700e-01,  2.1216410e+00
     335,  2.8501030e+00,  0.0000000e+00,  0.0000000e+00,  1.9172000e-02,  3.4952800e-01,  2.1237200e+00
     336,  2.8993060e+00,  0.0000000e+00,  0.0000000e+00,  1.9140000e-02,  4.0101500e-01,  2.1213160e+00
     337,  2.8446340e+00,  0.0000000e+00,  0.0000000e+00,  1.9298000e-02,  3.4280000e-01,  2.1246550e+00
     338,  2.7926290e+00,  0.0000000e+00,  0.0000000e+00,  1.9182000e-02,  2.9580500e-01,  2.1205370e+00
     339,  2.8053610e+00,  0.0000000e+00,  0.0000000e+00,  1.9194000e-02,  3.0873100e-01,  2.1197920e+00
     340,  2.8508400e+00,  0.0000000e+00,  0.0000000e+00,  1.9191000e-02,  3.5132600e-01,  2.1229300e+00
     341,  2.8525460e+00,  0.0000000e+00,  0.0000000e+00,  1.9200000e-02,  3.5058500e-01,  2.1233500e+00
     342,  2.8490640e+00,  0.0000000e+00,  0.0000000e+00,  1.9184000e-02,  3.4698900e-01,  2.1236520e+00
     343,  3.0090470e+00,  0.0000000e+00,  0.0000000e+00,  1.9169000e-02,  2.9544200e-01,  2.3388900e+00
     344,  2.8500800e+00,  0.0000000e+00,  0.0000000e+00,  1.9100000e-02,  3.4913500e-01,  2.1247910e+00
     345,  2.8478730e+00,  0.0000000e+00,  0.0000000e+00,  1.9126000e-02,  3.4729800e-01,  2.1219300e+00
     346,  2.8459900e+00,  0.0000000e+00,  0.0000000e+00,  1.9148000e-02,  3.4727300e-01,  2.1235690e+00
     347,  2.8006820e+00,  0.0000000e+00,  0.0000000e+00,  1.9201000e-02,  2.9685300e-01,  2.1273420e+00
     348,  3.0570970e+00,  0.0000000e+00,  0.0000000e+00,  1.9189000e-02,  3.4774700e-01,  2.3323850e+00
     349,  2.8451920e+00,  0.0000000e+00,  0.0000000e+00,  1.9165000e-02,  3.4659600e-01,  2.1226140e+00
     350,  2.8457780e+00,  0.0000000e+00,  0.0000000e+00,  1.9191000e-02,  3.4638500e-01,  2.1245650e+00
     351,  2.7954170e+00,  0.0000000e+00,  0.0000000e+00,  1.9205000e-02,  2.9499900e-01,  2.1249880e+00
     352,  2.8504030e+00,  0.0000000e+00,  0.0000000e+00,  1.9216000e-02,  3.5030700e-01,  2.1228170e+00
     353,  2.8490650e+00,  0.0000000e+00,  0.0000000e+00,  1.9177000e-02,  3.4760500e-01,  2.1241850e+00
     354,  2.8537920e+00,  0.0000000e+00,  0.0000000e+00,  1.9205000e-02,  3.4721200e-01,  2.1252570e+00
     355,  3.0011860e+00,  0.0000000e+00,  0.0000000e+00,  1.9289000e-02,  5.0317200e-01,  2.1212570e+00
     356,  2.8467790e+00,  0.0000000e+00,  0.0000000e+00,  1.9139000e-02,  3.4713100e-01,  2.1231410e+00
     357,  2.8487980e+00,  0.0000000e+00,  0.0000000e+00,  1.9215000e-02,  3.4930800e-01,  2.1223550e+00
     358,  2.8500090e+00,  0.0000000e+00,  0.0000000e+00,  1.9231000e-02,  3.4688600e-01,  2.1273280e+00
     359,  2.7958360e+00,  0.0000000e+00,  0.0000000e+00,  1.9182000e-02,  2.9743300e-01,  2.1226020e+00
     360,  2.8451320e+00,  0.0000000e+00,  0.0000000e+00,  1.9297000e-02,  3.4638900e-01,  2.1232070e+00
     361,  2.8467870e+00,  0.0000000e+00,  0.0000000e+00,  1.9155000e-02,  3.4635500e-01,  2.1238460e+00
     362,  2.8419680e+00,  0.0000000e+00,  0.0000000e+00,  1.9139000e-02,  3.4251000e-01,  2.1223760e+00
     363,  2.7967190e+00,  0.0000000e+00,  0.0000000e+00,  1.9306000e-02,  2.9540500e-01,  2.1252910e+00
     364,  2.8105720e+00,  0.0000000e+00,  0.0000000e+00,  1.9255000e-02,  2.9697500e-01,  2.1380180e+00
     365,  2.7958230e+00,  0.0000000e+00,  0.0000000e+00,  1.9185000e-02,  2.9643500e-01,  2.1239860e+00
     366,  2.8479140e+00,  0.0000000e+00,  0.0000000e+00,  1.9176000e-02,  3.4618100e-01,  2.1252580e+00
     367,  2.7957260e+00,  0.0000000e+00,  0.0000000e+00,  1.9233000e-02,  2.9643400e-01,  2.1238490e+00
     368,  2.8520550e+00,  0.0000000e+00,  0.0000000e+00,  1.9266000e-02,  3.4542200e-01,  2.1305620e+00
     369,  2.7952940e+00,  0.0000000e+00,  0.0000000e+00,  1.9168000e-02,  2.9551600e-01,  2.1233800e+00
     370,  2.8431530e+00,  0.0000000e+00,  0.0000000e+00,  1.9194000e-02,  3.4370700e-01,  2.1233050e+00
     371,  2.7947940e+00,  0.0000000e+00,  0.0000000e+00,  1.9131000e-02,  2.9423200e-01,  2.1232040e+00
     372,  2.8472370e+00,  0.0000000e+00,  0.0000000e+00,  1.9202000e-02,  3.4451000e-01,  2.1275020e+00
     373,  2.7932740e+00,  0.0000000e+00,  0.0000000e+00,  1.9207000e-02,  2.9466700e-01,  2.1220180e+00
     374,  2.8420350e+00,  0.0000000e+00,  0.0000000e+00,  1.9241000e-02,  3.4377100e-01,  2.1219380e+00
     375,  2.7940180e+00,  0.0000000e+00,  0.0000000e+00,  1.9233000e-02,  2.9626800e-01,  2.1225540e+00
     376,  2.8419960e+00,  0.0000000e+00,  0.0000000e+00,  1.9243000e-02,  3.4322900e-01,  2.1230160e+00
     377,  2.7952730e+00,  0.0000000e+00,  0.0000000e+00,  1.9239000e-02,  2.9598100e-01,  2.1239810e+00
     378,  2.8373150e+00,  0.0000000e+00,  0.0000000e+00,  1.9157000e-02,  3.4265600e-01,  2.1192100e+00
     379,  2.7994640e+00,  0.0000000e+00,  0.0000000e+00,  1.9207000e-02,  3.0294500e-01,  2.1230450e+00
     380,  2.8413840e+00,  0.0000000e+00,  0.0000000e+00,  1.9155000e-02,  3.4347200e-01,  2.1226640e+00
     381,  2.7940390e+00,  0.0000000e+00,  0.0000000e+00,  1.9259000e-02,  2.9525400e-01,  2.1235670e+00
     382,  2.8415060e+00,  0.0000000e+00,  0.0000000e+00,  1.9202000e-02,  3.4222800e-01,  2.1237150e+00
     383,  3.0043480e+00,  0.0000000e+00,  0.0000000e+00,  1.9200000e-02,  2.9501200e-01,  2.3342220e+00
     384,  2.7918000e+00,  0.0000000e+00,  0.0000000e+00,  1.9185000e-02,  2.9435000e-01,  2.1224100e+00
     385,  2.7942640e+00,  0.0000000e+00,  0.0000000e+00,  1.9210000e-02,  2.9467000e-01,  2.1241460e+00
     386,  2.8507700e+00,  0.0000000e+00,  0.0000000e+00,  1.9200000e-02,  3.4287300e-01,  2.1322160e+00
     387,  2.7929420e+00,  0.0000000e+00,  0.0000000e+00,  1.9212000e-02,  2.9359800e-01,  2.1235950e+00
     388,  2.7948500e+00,  0.0000000e+00,  0.0000000e+00,  1.9185000e-02,  2.9609600e-01,  2.1228010e+00
     389,  2.8411800e+00,  0.0000000e+00,  0.0000000e+00,  1.9180000e-02,  3.4329400e-01,  2.1228700e+00
     390,  2.8389980e+00,  0.0000000e+00,  0.0000000e+00,  1.9249000e-02,  3.4193500e-01,  2.1203160e+00
     391,  2.7915580e+00,  0.0000000e+00,  0.0000000e+00,  1.9231000e-02,  2.9431700e-01,  2.1218550e+00
     392,  2.7956600e+00,  0.0000000e+00,  0.0000000e+00,  1.9141000e-02,  2.9702900e-01,  2.1229090e+00
     393,  2.7940940e+00,  0.0000000e+00,  0.0000000e+00,  1.9222000e-02,  2.9566100e-01,  2.1225710e+00
     394,  2.8414510e+00,  0.0000000e+00,  0.0000000e+00,  2.0710000e-02,  3.4154600e-01,  2.1229930e+00
     395,  2.7974280e+00,  0.0000000e+00,  0.0000000e+00,  1.9196000e-02,  2.9404800e-01,  2.1267160e+00
     396,  3.0050090e+00,  0.0000000e+00,  0.0000000e+00,  1.9226000e-02,  2.9663800e-01,  2.3332170e+00
     397,  2.7923080e+00,  0.0000000e+00,  0.0000000e+00,  1.9146000e-02,  2.9470000e-01,  2.1218900e+00
     398,  2.8415980e+00,  0.0000000e+00,  0.0000000e+00,  1.9117000e-02,  3.4439900e-01,  2.1191240e+00
     399,  2.7910760e+00,  0.0000000e+00,  0.0000000e+00,  1.9147000e-02,  2.9526300e-01,  2.1209630e+00
     400,  3.0061810e+00,  0.0000000e+00,  0.0000000e+00,  1.9202000e-02,  2.9522000e-01,  2.3351080e+00
     401,  2.7928840e+00,  0.0000000e+00,  0.0000000e+00,  1.9253000e-02,  2.9661400e-01,  2.1212870e+00
     402,  2.8388280e+00,  0.0000000e+00,  0.0000000e+00,  1.9223000e-02,  3.4197100e-01,  2.1223930e+00
     403,  2.7923600e+00,  0.0000000e+00,  0.0000000e+00,  1.9257000e-02,  2.9526700e-01,  2.1215640e+00
     404,  2.7916610e+00,  0.0000000e+00,  0.0000000e+00,  1.9189000e-02,  2.9473700e-01,  2.1215080e+00
     405,  2.7906330e+00,  0.0000000e+00,  0.0000000e+00,  1.9164000e-02,  2.9504400e-01,  2.1199320e+00
     406,  2.8367420e+00,  0.0000000e+00,  0.0000000e+00,  1.9127000e-02,  3.4117600e-01,  2.1207570e+00
     407,  2.7939200e+00,  0.0000000e+00,  0.0000000e+00,  1.9115000e-02,  2.9503100e-01,  2.1203290e+00
     408,  2.7917290e+00,  0.0000000e+00,  0.0000000e+00,  1.9243000e-02,  2.9454400e-01,  2.1207350e+00
     409,  2.7971640e+00,  0.0000000e+00,  0.0000000e+00,  1.9174000e-02,  2.9738100e-01,  2.1232820e+00
     410,  2.8435770e+00,  0.0000000e+00,  0.0000000e+00,  1.9200000e-02,  3.4375400e-01,  2.1252300e+00
     411,  2.7922930e+00,  0.0000000e+00,  0.0000000e+00,  1.9229000e-02,  2.9051200e-01,  2.1241980e+00
     412,  2.7903620e+00,  0.0000000e+00,  0.0000000e+00,  1.9210000e-02,  2.9017500e-01,  2.1244650e+00
     413,  2.7869620e+00,  0.0000000e+00,  0.0000000e+00,  1.9129000e-02,  2.9025700e-01,  2.1211740e+00
     414,  2.8361050e+00,  0.0000000e+00,  0.0000000e+00,  1.9276000e-02,  3.3694300e-01,  2.1241220e+00
     415,  2.7840920e+00,  0.0000000e+00,  0.0000000e+00,  1.9143000e-02,  2.8862200e-01,  2.1203820e+00
     416,  2.7879010e+00,  0.0000000e+00,  0.0000000e+00,  1.9158000e-02,  2.8920000e-01,  2.1235550e+00
     417,  2.7907670e+00,  0.0000000e+00,  0.0000000e+00,  1.9139000e-02,  2.8919900e-01,  2.1259070e+00
     418,  2.8346490e+00,  0.0000000e+00,  0.0000000e+00,  1.9233000e-02,  3.3576700e-01,  2.1230610e+00
     419,  2.7859810e+00,  0.0000000e+00,  0.0000000e+00,  1.9236000e-02,  2.8843200e-01,  2.1205030e+00
     420,  2.7900360e+00,  0.0000000e+00,  0.0000000e+00,  1.9143000e-02,  2.9001300e-01,  2.1242920e+00
     421,  2.7901600e+00,  0.0000000e+00,  0.0000000e+00,  1.9113000e-02,  2.9091500e-01,  2.1241520e+00
     422,  2.8369400e+00,  0.0000000e+00,  0.0000000e+00,  1.9210000e-02,  3.3579400e-01,  2.1252290e+00
     423,  2.7898370e+00,  0.0000000e+00,  0.0000000e+00,  1.9248000e-02,  2.9116900e-01,  2.1223010e+00
     424,  2.7903360e+00,  0.0000000e+00,  0.0000000e+00,  1.9254000e-02,  2.9173300e-01,  2.1227260e+00
     425,  2.7881600e+00,  0.0000000e+00,  0.0000000e+00,  1.9165000e-02,  2.8957400e-01,  2.1231370e+00
     426,  2.8426920e+00,  0.0000000e+00,  0.0000000e+00,  1.9200000e-02,  3.4150400e-01,  2.1259620e+00
     427,  2.7931230e+00,  0.0000000e+00,  0.0000000e+00,  1.9155000e-02,  2.9524500e-01,  2.1223340e+00
